# Created by Octave 7.2.0, Fri Jun 30 12:31:39 2023 GMT <unknown@LAPTOP-QT2ONOCT>
# name: w1
# type: matrix
# rows: 10
# columns: 4
 0.1335245393103098 0.073930917858744422 0.15226562414865527 0.025514439854094274
 0.16640909655596417 0.019535114343048977 0.16188962403528101 0.028476963731783878
 0.13842294115191667 0.035248066737401378 0.010794237123808515 0.0018949463951164038
 0.14473842245507557 0.11996797337577934 0.18473929713028564 0.17370082768401365
 0.19192917310833099 0.074545986092922067 0.043499554201710394 0.11592284361554782
 0.04196058552007631 0.15525371015913458 0.025261882169251872 0.024234592216262143
 0.069005727897387972 0.19334814843796047 0.072737467629222952 0.028514646262538103
 0.12569615841890805 0.036878230516552368 0.020269131412178634 0.071228131405885756
 0.11683823263997249 0.16407234294375708 0.094978764467538529 0.18815624541910356
 0.030614408365433079 0.075274485920390544 0.16192516938150206 0.19927287869185514


# name: w2
# type: matrix
# rows: 1
# columns: 11
 0.19785827915343912 0.026681927303358013 0.027457549038096409 0.12082768686068775 0.15675034150819622 0.054560619713192177 0.16822368601186466 0.14428535847482224 0.13592613890882738 0.058542063120370517 0.039336337956916184


