# Created by Octave 7.2.0, Fri Jun 30 12:31:44 2023 GMT <unknown@LAPTOP-QT2ONOCT>
# name: EQM_final
# type: scalar
0.0008065297452696168


# name: Epocas
# type: scalar
146


# name: Saida_da_rede
# type: matrix
# rows: 20
# columns: 1
 0.4837585867440588
 0.59206002147918135
 0.52610821369411465
 0.70619262913453884
 0.2857601973122576
 0.7526850289735405
 0.56863797361572044
 0.67961370646517927
 0.53233408657675063
 0.60276505588801832
 0.69071053530945437
 0.6740129019533837
 0.29371276101769683
 0.78061751868668727
 0.46302638347446368
 0.81732581943080629
 0.77815768393419626
 0.59083854742120934
 0.79636978616910692
 0.49457562263367416


# name: ERM
# type: scalar
-0.3072174644002133


# name: Variancia
# type: scalar
2.6888596774899809


