# Created by Octave 7.2.0, Fri Jun 30 12:31:44 2023 GMT <unknown@LAPTOP-QT2ONOCT>
# name: w1
# type: matrix
# rows: 10
# columns: 4
 0.076594292299094716 0.13173872819971919 0.17730597960620476 0.10666177047018599
 0.13486639637468475 0.096526122712142143 0.14179039940335356 0.16758448101414575
 0.011996207116508173 0.19397068718803562 0.17762115087131233 0.14341569152560091
 0.18392992457818483 0.15851727054821962 0.14665882250782311 0.01572546349575139
 0.055516220661307486 0.020792944964370143 0.19867029853867957 0.017715527450898751
 0.13457852558580072 0.099759292732290145 0.0043213846728380025 0.12543560381420144
 0.054217886383608076 0.020744924808275167 0.041867251933293576 0.0095916877282745013
 0.17954858394832199 0.1326718312801515 0.081029208904987396 0.039686575172539797
 0.05167675534231489 0.051937188771791098 0.055811180536776743 0.14322733743712285
 0.045696763566398027 0.16851629319797753 0.17075964647157829 0.077678655731542923


# name: w2
# type: matrix
# rows: 1
# columns: 11
 0.17459960340508027 0.019369222418993193 0.036938380660498392 0.13078567871448638 0.12801685202592678 0.069874715542291965 0.16409019342739325 0.082719092632461425 0.13163596567118369 0.077718985943640892 0.043632973004256351


