# Created by Octave 7.2.0, Fri Jun 30 12:31:48 2023 GMT <unknown@LAPTOP-QT2ONOCT>
# name: EQM_final
# type: scalar
0.00079063579398098007


# name: Epocas
# type: scalar
145


# name: Saida_da_rede
# type: matrix
# rows: 20
# columns: 1
 0.48530078367984125
 0.59303624688297574
 0.52760017362523715
 0.70562490478383655
 0.28411800624496208
 0.75127144997786477
 0.56950910501828
 0.67876951298660648
 0.53390334173483434
 0.6030045666227688
 0.68984081544224429
 0.67379982206819444
 0.29274698692237944
 0.77970925030899529
 0.46457422467646908
 0.8161932298451533
 0.77704005859658798
 0.59165227185844427
 0.79541397444445361
 0.49600851890894948


# name: ERM
# type: scalar
-0.30869287283638119


# name: Variancia
# type: scalar
2.5847501675892479


