# Created by Octave 7.2.0, Fri Jun 30 12:31:49 2023 GMT <unknown@LAPTOP-QT2ONOCT>
# name: w1
# type: matrix
# rows: 10
# columns: 4
 0.13039760089661667 0.15803169479226131 0.040386462647734579 0.045731811713093956
 0.086158192057193994 0.074239568055548613 0.094459081676021669 0.057009474810120288
 0.033650180014975398 0.12556791242069473 0.12583581172598807 0.018329591200858864
 0.16235122457935997 0.12132040729783461 0.053278482661794184 0.089622335646586865
 0.003371192982465976 0.062295048358890687 0.1465017682739754 0.043939334440254087
 0.093154767519715034 0.022537591903619637 0.14053342246414161 0.0033823194372055946
 0.1609203800750354 0.1550662318270164 0.032323153162738906 0.0055724461666016196
 0.10646180115018988 0.1153521476546579 0.19184606900677514 0.11777486511508957
 0.18510536453811313 0.095141947035070062 0.14813259965642808 0.0021807883840676777
 0.025234226127580996 0.010967457670734327 0.11195208238980484 0.1231685265639916


# name: w2
# type: matrix
# rows: 1
# columns: 11
 0.05974698125842344 0.0080206659820980519 0.072659511307495969 0.13790977845451555 0.045387331979210854 0.15397969049118596 0.066483163324990033 0.034620285616885883 0.1467334819437377 0.16015388868798164 0.047504513961987231


