# Created by Octave 7.2.0, Fri Jun 30 12:31:52 2023 GMT <unknown@LAPTOP-QT2ONOCT>
# name: EQM_final
# type: scalar
0.00081124968806725779


# name: Epocas
# type: scalar
145


# name: Saida_da_rede
# type: matrix
# rows: 20
# columns: 1
 0.48385798172310068
 0.59277018037469664
 0.52659213764759949
 0.70655160572642828
 0.28466166586740965
 0.75264508190744039
 0.56906230010284142
 0.67995576209428155
 0.53287655088309738
 0.60315697463453732
 0.69106060393942637
 0.67452755081147064
 0.29309222488602688
 0.78052553081603548
 0.46296736067295735
 0.81665601950452904
 0.77829640271170253
 0.59145107405492248
 0.7959635268579387
 0.49465483541694266


# name: ERM
# type: scalar
-0.31152704925638164


# name: Variancia
# type: scalar
2.7548131247502798


