# Created by Octave 7.2.0, Fri Jun 30 12:31:56 2023 GMT <unknown@LAPTOP-QT2ONOCT>
# name: EQM_final
# type: scalar
0.00080250569294349676


# name: Epocas
# type: scalar
133


# name: Saida_da_rede
# type: matrix
# rows: 20
# columns: 1
 0.4846716269167185
 0.59293766352004718
 0.52717105384356011
 0.70627208713828904
 0.28351931431635302
 0.75223403927255583
 0.5696233607811898
 0.67981702403576205
 0.53341601911438408
 0.60354943792833604
 0.69082852970024056
 0.67438026038918875
 0.29215437939887673
 0.78013326520048876
 0.46377962309281762
 0.81639612879341594
 0.77787538423351843
 0.59164854250614107
 0.79565933539684552
 0.49546711201182531


# name: ERM
# type: scalar
-0.30547586047349229


# name: Variancia
# type: scalar
2.7832191642003785


