# Created by Octave 7.2.0, Fri Jun 30 12:31:53 2023 GMT <unknown@LAPTOP-QT2ONOCT>
# name: w1
# type: matrix
# rows: 10
# columns: 4
 0.067137488358717898 0.064446189452956285 0.17791656357922275 0.067402524888840312
 0.0065917536555477607 0.1517912700778446 0.15877062017076504 0.13207481215257763
 0.072653518184463181 0.095575105970794286 0.10666794911232967 0.019873694910530371
 0.19892856224628713 0.13631597497184111 0.19469188414735442 0.074718165972124287
 0.08856836602218153 0.013202324720267545 0.1044611300335921 0.15898724813196827
 0.030631818469053187 0.1179886618633653 0.10132114191895486 0.023549388550201857
 0.039370657370208 0.073317969690669282 0.077059430941978785 0.11225630134615366
 0.178062521739836 0.13549330134600465 0.098137848087613666 0.07718115541412443
 0.13358630270065563 0.19077343702620131 0.15120681137620165 0.19389672212331757
 0.00012594075597747168 0.081885664934625998 0.082122726655396994 0.099995550795432153


# name: w2
# type: matrix
# rows: 1
# columns: 11
 0.10044825710982992 0.1004903173711129 0.13789036359397169 0.038361014053170828 0.1513394983712737 0.10066561594152226 0.030402689765255932 0.043076379259412545 0.1641975194828508 0.19091227370206076 0.027587927442844464


