# Created by Octave 7.2.0, Fri Jun 30 12:32:00 2023 GMT <unknown@LAPTOP-QT2ONOCT>
# name: EQM_final
# type: scalar
0.00078704572776694209


# name: Epocas
# type: scalar
136


# name: Saida_da_rede
# type: matrix
# rows: 20
# columns: 1
 0.48670965122200599
 0.5936103941399532
 0.52889449728737747
 0.70546461605062827
 0.28138106628583709
 0.75124002355179553
 0.57068965441538955
 0.6796252483833507
 0.53466461121383202
 0.60433351294485815
 0.69049799941845602
 0.67394199072013983
 0.29035318395283827
 0.77914291321690599
 0.46580035891724036
 0.81567847896135415
 0.77698135760636622
 0.59254687372892356
 0.79473668209884341
 0.49740100229374068


# name: ERM
# type: scalar
-0.3150432207382815


# name: Variancia
# type: scalar
2.9258783976756875


