# Created by Octave 7.2.0, Fri Jun 30 12:31:56 2023 GMT <unknown@LAPTOP-QT2ONOCT>
# name: w1
# type: matrix
# rows: 10
# columns: 4
 0.17404100980072684 0.0075931702929483702 0.17570799966020964 0.070106581553408057
 0.068433528408539515 0.05341794741345729 0.024765930477556309 0.017922095043401278
 0.028948078440208302 0.059273723426742003 0.14783179351144285 0.027630911821781037
 0.0099707667305165126 0.086381728222939394 0.018480708747523257 0.025299292326137771
 0.087567153047471757 0.11890106656769889 0.068336739999994262 0.17928226316405588
 0.19537319857386182 0.071687316757536812 0.12044500322584134 0.037277198988778702
 0.107279942104236 0.12485508195875944 0.060694507218318663 0.095166373360302203
 0.056916300987748941 0.18650171420828876 0.17842764949234069 0.094189862110356945
 0.0082400070353050529 0.042587367194276873 0.050402079545709348 0.13549871992432705
 0.10688931498416582 0.067415244587481424 0.011220841341793842 0.19107805971475988


# name: w2
# type: matrix
# rows: 1
# columns: 11
 0.10563886042240284 0.10287270117022343 0.0041845322927390738 0.028589358389212439 0.071218529841619291 0.046584604125570375 0.16718102930589396 0.06127683133302058 0.046531128547234381 0.14766077581973042 0.17229730686591227


